5  213 242 33 271 259
5  12 156 141 265 180
2  293 75
3  256 68 59
6  112 282 288 296 10 185
5  181 0 152 285 196
7  114 106 95 243 111 216 121
8  212 101 119 127 201 96 272 98
5  11 43 219 258 13
4  126 161 205 54
6  16 104 85 290 48 63
5  244 206 170 25 80
4  260 94 135 154
6  89 131 214 284 49 151
4  1 249 257 140
5  67 233 223 224 116
5  15 245 143 73 226
10  203 21 294 148 50 204 207 83 208 276
5  155 295 42 103 289
10  27 107 70 273 146 39 197 142 123 162
9  19 190 35 241 281 74 92 177 62
7  14 125 292 217 209 160 228
8  174 150 266 133 105 237 138 159
5  82 287 153 236 252
6  283 71 240 65 113 178
6  102 218 97 277 297 298
4  69 37 32 78
2  149 145
5  60 144 189 250 202
7  36 136 215 158 198 227 79
5  18 262 61 239 91
7  81 87 47 164 167 171 58
9  124 139 200 163 40 137 157 176 5
5  188 20 269 2 6
7  221 179 57 108 235 132 248
8  76 23 72 232 194 77 28 88
10  238 210 41 195 261 30 129 192 128 29
5  120 31 84 182 279
4  44 173 184 247
7  147 251 220 110 186 275 8
6  90 264 254 274 109 4
4  168 3 165 55
9  255 26 7 45 225 134 9 130 278
3  51 169 230
8  246 22 229 117 52 187 211 38
4  253 193 175 34
7  234 100 93 191 183 56 118
12  268 291 280 64 172 86 267 263 231 115 99 122
10  166 199 286 299 46 17 24 66 270 222
1  53
0 
0 
0 
0 
0 
0 
0 
0 
0 
0 
0 
0 
0 
0 
0 
0 
0 
0 
0 
0 
0 
0 
0 
0 
0 
0 
0 
0 
0 
0 
0 
0 
0 
0 
0 
0 
0 
0 
0 
0 
0 
0 
0 
0 
0 
0 
0 
0 
0 
0