2  7468 2591
2  4796 7948
2  7206 3202
2  2736 2573
2  9927 4887
2  5982 1855
2  9459 7110
2  8563 3560
2  7227 1880
2  7716 6517
2  2660 2176
2  1817 9287
2  8670 4027
2  1135 7433
2  5991 5071
2  7325 6527
2  4471 5903
2  8967 3647
2  5480 1000
2  5091 1339
2  7581 3539
2  6544 476
2  7632 7013
2  978 3321
2  2528 306
2  6686 2718
2  2887 2053
2  8088 6321
2  6753 1159
2  4941 5983
2  8824 492
2  8071 3358
2  5226 8306
2  1399 1192
2  2758 6190
2  5441 7575
2  820 4557
2  8596 7804
2  9954 6377
2  1376 2939
2  9377 8730
2  4469 4793
2  8727 773
2  7678 8303
2  4646 1344
2  8227 9483
3  8965 3760 4411
3  2384 3936 4011
2  9824 7025
3  8773 180 9723
3  6039 2212 1555
3  3608 1067 9868
2  2418 3491
2  2346 8192
3  9925 5968 3341
3  3708 563 7444
3  3578 8968 6252
2  1626 2430
2  4818 7061
2  5059 7909
2  7613 3207
3  9121 364 8253
3  719 9803 1844
2  7773 2288
3  3696 5886 1381
3  4829 2445 6879
3  9252 5513 4483
3  9550 9763 9520
2  9359 4070
2  4138 9044
2  2951 9515
3  3381 1114 5578
2  872 7122
3  9251 8184 1778
3  7464 9360 5478
3  8578 3709 4528
2  7621 1545
2  8402 3827
3  2297 1563 7147
2  4420 5067
3  5553 7355 7362
3  1208 3614 1319
3  7284 4006 7760
4  5649 23 368 6591
2  6960 6090
3  6912 6031 6515
2  8605 7809
3  4679 5444 5371
2  4417 9530
4  7109 9186 4301 6463
2  7990 6403
3  666 873 7482
3  9349 311 1803
2  7972 1023
3  2412 3824 8711
2  4736 5969
3  7347 7015 4329
3  499 7522 5332
3  1146 9693 9346
2  3638 3147
2  8788 3861
2  1027 1190
4  1105 2866 6018 6834
3  3291 2486 4520
2  3225 835
3  7075 9418 7684
3  1246 4868 7506
2  766 4467
2  5780 8553
3  310 4588 8330
3  7453 4838 1973
3  3362 3088 7913
2  2620 1998
3  9249 7108 1922
2  6143 1874
2  3870 2015
2  1140 8047
3  1061 3230 943
2  6583 7779
3  9019 4717 6610
2  240 4949
3  6238 5979 4325
3  8719 1284 1018
2  218 1956
3  4644 1022 8571
3  7346 923 9910
2  9914 2448
2  1546 2709
3  1529 641 4317
2  2177 9740
2  5254 2541
2  7458 1785
2  5975 3729
2  3367 8000
2  7655 3086
2  5573 5985
2  4604 8422
2  2265 8758
2  2099 8111
3  7862 4321 4048
4  1002 2751 3193 89
3  9449 7376 233
3  8878 174 6745
3  3654 3288 1143
3  5562 8994 5742
3  6744 4352 9864
2  7432 2669
2  5281 1206
4  4948 7383 1695 2717
3  9049 9579 3705
5  7379 1194 5919 8599 4836
5  8890 768 9489 1037 8546
5  1178 4065 6600 908 211
4  203 384 1269 5914
4  9256 389 3767 3161
3  9913 7600 2944
3  3272 7196 4523
2  4390 5245
3  3252 2981 3028
3  2581 9451 1015
4  2359 4450 8433 3751
3  9504 2007 9436
5  7270 4629 4052 8982 9750
7  7936 8245 1776 9372 1706 229 7891
5  5679 6319 1427 613 9985
4  8290 9999 6208 9569
3  4361 5891 3507
6  7113 7239 1433 9519 1821 549
2  807 408
4  39 2812 3145 6441
2  3111 6129
2  8722 6665
5  3694 8679 5307 6499 5721
3  5813 6913 9509
5  2171 1670 3739 437 1421
3  6207 7483 4559
5  2308 3508 486 379 8929
3  3388 8792 1713
2  8119 798
3  2593 8102 8139
2  8397 8895
4  1442 1459 1411 3986
4  3774 6548 6076 1789
6  9920 1736 8373 9921 4022 3389
3  4181 789 6647
4  6855 4810 6150 5296
5  8793 9109 388 894 2112
3  9048 8200 3163
5  3693 5295 1040 5646 2710
7  137 3334 5317 4419 3557 1131 9601
2  3298 7534
4  3246 2977 2343 9732
5  5137 5498 3580 5382 1676
4  9289 7662 8070 0
4  7835 8886 5950 8028
6  636 854 3312 8815 6801 249
4  262 6382 7609 594
4  584 6200 2463 1356
3  2678 1562 8632
6  2693 8326 264 2191 995 6988
5  2237 6222 9636 576 7767
4  8340 4435 9258 9021
4  693 3635 1751 9754
3  1118 6825 2777
5  8950 3324 5437 2502 4580
4  7519 6293 9744 5909
6  6541 5589 2582 2649 9528 6762
4  3809 7097 4191 688
5  7373 7153 4337 454 8975
2  8606 4255
5  7119 7940 9840 2481 4465
2  6911 3030
4  605 1016 7528 6914
5  1763 742 3516 5147 4500
6  6692 799 4058 6607 6197 9600
7  350 7088 6547 7854 4214 6904 5325
2  6521 5821
4  1610 5858 3650 3027
6  6910 8661 8073 9663 9702 7218
5  3833 5954 1586 5141 2851
5  8244 1478 6520 1560 3325
5  4068 879 3964 1286 4438
5  1682 4084 251 1959 4709
6  8996 5255 9735 5134 3135 9848
6  9462 3926 8809 9563 3178 1439
4  4100 5140 8348 9686
3  31 5705 9463
6  5377 5711 6509 6365 9541 6333
7  2654 7929 9613 7599 5533 4405 2476
4  4744 318 3755 3887
6  7957 7844 1316 3890 4830 7068
6  3778 6581 8173 457 8278 2411
6  3008 25 9804 4249 8038 9229
7  6735 1422 6995 9817 3515 3903 5169
3  5557 1652 3530
5  6430 7778 9986 2269 8958
6  6484 8946 5851 7280 8031 2166
4  3552 905 4493 8189
5  7997 8830 7771 1021 3504
4  7680 9055 1642 4177
5  6740 8048 4373 6060 884
5  9737 4005 6298 8035 6397
5  600 7314 4470 5343 9403
8  4636 5864 767 2619 881 3536 6072 9301
8  7152 3430 9090 1289 4727 5593 2825 4802
6  7561 2615 4774 6480 81 7635
5  3311 4492 2954 474 7501
4  7815 2747 4135 9897
8  7971 1513 8520 2074 3315 5828 6348 7753
3  8762 8490 9138
5  313 4763 8913 5802 864
5  4950 589 3104 6320 867
3  3337 4476 5669
4  5997 6477 4275 4698
4  7703 2510 4811 6622
3  8080 8780 2147
5  8568 3061 5168 6514 9076
5  4043 4412 71 3633 940
3  3257 7899 6560
4  643 2298 8204 8297
2  7713 819
5  852 9503 415 6518 2760
4  9072 2125 3620 7275
4  5658 8581 3433 3265
3  6845 7056 5717
4  6226 9609 8430 3758
5  5344 1426 3297 6889 5639
3  6245 8319 4475
5  1978 3566 6015 684 1088
4  9253 3742 6114 1893
8  3055 4939 1842 3655 7952 97 3733 4936
3  9845 3850 8077
6  9880 4913 8099 1666 6850 8251
2  4127 2805
8  9385 7176 1186 5561 6724 3689 7650 129
2  4320 5811
6  6327 6965 6597 5604 5734 8999
6  9011 3330 1385 1416 2896 3669
6  494 2882 8276 581 7330 7947
7  935 6645 3091 5000 5635 5883 9642
3  6614 4772 7146
4  1285 258 6540 712
3  6124 2172 5197
4  9231 9585 7679 7150
5  7658 320 3020 5621 5556
5  6894 9865 1113 1216 8394
6  3438 9748 622 624 3810 230
3  8240 8718 1721
7  1970 8239 8356 5910 948 4530 9548
6  1035 1177 7438 3685 6170 9862
6  1882 4573 687 5164 5570 7924
6  6387 7988 8819 3278 5479 6127
5  723 6399 7535 9658 7367
6  9474 2556 5124 5426 5597 5348
4  5776 8934 5842 7784
3  2759 2983 4823
4  8230 3320 6340 6362
3  7711 2677 332
4  440 3702 4925 5350
5  9966 680 1533 3957 8845
4  2480 6158 8935 4819
4  9687 6322 7050 5064
5  5764 362 8473 609 1685
3  5404 5732 7037
3  8726 507 1009
3  4898 7601 7198
6  9533 6564 9071 5782 6794 7511
3  18 3828 5008
5  7930 8254 9471 5072 7127
5  9621 3439 8881 813 6884
4  1512 432 5391 1229
4  4015 1087 9929 4863
3  8948 9257 1808
4  6217 8357 6907 5394
7  7707 8029 1936 2589 6536 5138 7059
4  1481 8215 9245 6
3  438 568 1102
3  2300 4241 5158
7  8906 524 1046 1108 3722 2214 1400
3  9836 7410 9760
5  4122 1849 8949 9313 1709
6  2876 2735 8334 285 1615 6173
5  6495 212 952 2998 5334
6  4572 5171 7020 5346 6244 9608
4  3292 831 1992 726
6  776 4205 5211 550 6256 6259
8  7816 8667 1430 1428 4175 6274 7630 1947
7  3232 3277 5920 1940 4172 5887 2523
8  3740 8493 1949 588 5021 7782 8857 2056
8  2630 4078 8620 7497 3116 7329 9810 2026
3  6644 7380 8341
6  155 194 2454 6616 9160 1326
7  209 5693 620 946 9943 7195 7342
6  183 5152 7368 3296 5272 2695
5  8900 9232 446 1835 3138
2  5376 6152
8  2021 6297 9649 9672 3371 6830 9644 2549
7  4507 7579 8892 3676 4051 6543 2806
9  4415 4012 6680 2768 4107 1333 6225 9381 2132
7  2857 6699 7536 2122 2684 3848 8759
8  493 5809 5815 2075 7556 5294 1132 1538
4  2474 3990 7363 1322
5  2499 5868 1854 5994 6793
4  7836 8061 5062 7510
8  9392 9084 1228 7200 592 548 2858 9495
5  2070 3216 6416 1847 4584
2  7733 8704
6  3805 4991 9153 657 1633 4569
5  631 2009 5653 5662 4069
4  4439 329 8471 14
4  5412 3519 5365 5877
6  5326 8458 5683 4482 5222 3624
6  977 6462 9578 2337 8940 1363
5  2495 268 6311 301 1111
6  1561 7720 8389 8153 9478 6075
5  1056 2984 3741 984 2330
8  5260 5934 6381 9726 1582 3432 4121 6562
7  8086 8481 784 1889 3731 9933 1007
4  7688 3492 3699 4228
3  1180 5509 5794
3  5812 6247 2285
5  4992 5461 2491 48 5198
4  7267 1367 4844 9199
6  2561 7699 1209 4000 4281 6966
3  7524 8986 47
6  1918 1659 8107 5762 2642 5330
3  2698 6349 6104
6  6694 2092 4753 5384 9456 4433
7  189 8237 3179 7014 9924 4854 5898
4  9184 2782 4494 8702
8  5457 8822 871 6567 9682 7450 7671 7934
5  2155 7408 2283 7189 7316
6  8561 9497 2902 1524 4235 4877
7  6062 9047 2706 4152 76 9100 3090
5  7053 9397 9588 9714 8231
6  400 4385 6725 6974 8201 9648
6  1554 2487 8342 9788 967 5518
9  2670 4824 6563 8188 8202 5908 9376 5664 856
3  6099 6470 702
3  1077 3056 5080
6  7926 2031 2680 3134 4953 5250
7  1431 2063 7768 7788 488 1699 2470
3  4231 4900 5895
4  3227 3703 4624 6306
4  6887 1663 579 3166
4  2893 3534 3688 7643
7  8995 8565 7811 9784 8923 464 5502
6  5738 8292 8902 4751 5580 5847
5  7744 8194 2142 4379 6868
9  1346 2923 4123 4511 35 2162 4599 6239 7125
3  8156 8828 148
2  722 1474
7  8115 288 3594 698 2173 243 8885
9  2645 2933 5763 8936 9083 8564 210 4286 6133
3  6465 26 539
4  8509 8891 9997 4212
6  4687 4840 1354 2405 6687 2342
5  2966 4174 5830 7019 73
4  1703 2749 2773 5094
3  2004 7036 324